  24
 173
  18
  96
  24
 126
 248
  40
  31
 197
 145
 120
  21
 176
  43
  97
  96
 101
  88
 119
  91
  87
 203
   9
 170
 142
  71
   0
 246
 117
 145
  35
  92
  19
 138
  60
  90
 113
 178
 172
 164
  94
  46
  83
  36
 144
 106
 153
 181
 100
  43
  11
 128
 106
 222
 148
 173
 159
 234
 242
 203
   5
 118
  19
  87
 192
 188
  43
 234
  93
 132
   6
 106
 153
   9
 218
  37
 132
 126
 245
 203
 188
 198
 115
  57
 185
 196
  42
 204
 213
 176
 247
  57
 242
  81
 230
   5
 118
 198
 197
 156
 194
  76
  83
 170
 191
  76
  74
  37
  41
  74
  66
  97
 237
 199
  27
 248
 146
  54
  21
 182
  21
  54
 225
 200
  94
 248
  22
  77
  73
 226
 126
  69
 197
  69
  38
 237
 236
  79
 238
 110
  15
 115
  18
 173
  15
 236
 124
 201
 151
 201
 235
  12
   0
   5
